0
0.0
0.0
6.22462521917555e-05
0.0007953639001456736
0.0007953639001456736
0.0027408320959310117
0.006096500047455322
0.006096500047455322
0.011040144265571428
0.01771986988332941
0.01771986988332941
0.02620254439201375
0.036511582432659395
0.036511582432659395
0.04862376789621692
0.06250891963983918
0.06250891963983918
0.07813470310534143
0.09546978212416235
0.09546978212416235
0.11448338351901555
0.13515992681205802
0.13515992681205802
0.15750230960908596
0.18151546817770736
0.18151546817770736
0.20720422053399545
0.23457332516214535
0.23457332516214535
0.26362778508885754
0.29437227069513483
0.29437227069513483
0.3268113592904385
0.36095013068360515
0.36095013068360515
0.39679339584616
0.4343459763760009
0.4343459763760009
0.47361269338186673
0.5145983671271068
0.5145983671271068
0.5573078174485033
0.6017458674508376
0.6017458674508376
0.6479173412434562
0.6958270613747715
0.6958270613747715
0.7454798493179027
0.7968805254888522
0.7968805254888522
0.8500339092345399
0.9049448188124671
0.9049448188124671
0.9616180722214906
1.0200582792660597
1.0200582792660597
1.0802682622491275
1.142248168575982
1.142248168575982
1.2059977746097985
1.2715169284655374
1.2715169284655374
1.338805475442264
1.4078632579059374
1.4078632579059374
1.4786901153928653
1.5512858845165738
1.5512858845165738
1.6256503989659947
1.7017834896046722
1.7017834896046722
1.7796849843415572
1.859354708212095
1.859354708212095
1.9407924833786083
2.0239981290546325
2.0239981290546325
2.108971461614857
2.1957122944073006
2.1957122944073006
2.2842204376519604
2.374495698731728
2.374495698731728
2.466537882207554
2.560346789824976
2.560346789824976
2.6559222205150306
2.7532639703919557
2.7532639703919557
2.8523718327540664
2.953245598080649
2.953245598080649
3.0558850540327214
3.160289985261514
3.160289985261514
3.266460173029003
3.3743953956886514
3.3743953956886514
3.4840954286786854
3.595560043891169
3.595560043891169
3.7087890099974743
3.823782092773712
3.823782092773712
3.9405390551005652
4.0590596569652035
4.0590596569652035
4.179343655457082
4.3013908046761244
4.3013908046761244
4.425200855373731
4.550773556610189
4.550773556610189
4.678553575176629
4.807815886980258
4.807815886980258
4.938670281648612
5.0712844515522875
5.0712844515522875
5.2056581202116305
5.341790794101463
5.341790794101463
5.479681508435505
5.619329135864746
5.619329135864746
5.760732545982421
5.903890605146508
5.903890605146508
6.048802186152692
6.195466153910672
6.195466153910672
6.3438813681320525
6.494046713554006
6.494046713554006
6.645961078058811
6.799623290450775
6.799623290450775
6.955032234249913
7.112186741618217
7.112186741618217
7.271085650470276
7.431727820005122
7.431727820005122
7.594112083095254
7.758237281479495
7.758237281479495
7.924102251507996
8.091705827042063
8.091705827042063
8.261046839227461
8.432124116432185
8.432124116432185
8.60493648363417
8.77948276180365
8.77948276180365
8.955761767989756
9.13377231507068
9.13377231507068
9.313513211937156
9.494983263946821
9.494983263946821
9.678181273397136
9.863106039616284
9.863106039616284
10.049756359816918
10.238131029611054
10.238131029611054
10.428228842679225
10.620048590242867
10.620048590242867
10.813589060352236
11.008849037253071
11.008849037253071
11.20582730136342
11.404522629573492
11.404522629573492
11.604933795511577
11.807059569605165
11.807059569605165
12.010898719167223
12.216450008839615
12.216450008839615
12.423712199547872
12.632684048412656
12.632684048412656
12.843364308793724
13.055751730164872
13.055751730164872
13.26984505763292
13.485643032495105
13.485643032495105
13.703144392609133
13.922347872533152
13.922347872533152
14.143252202965613
14.365856109071316
14.365856109071316
14.5901583095999
14.816157517013323
14.816157517013323
15.043852438929221
15.273241778343106
15.273241778343106
15.504324233795813
15.737098499982864
15.737098499982864
15.971563269600068
16.2077172252382
16.2077172252382
16.445559156892756
16.685087997323848
16.685087997323848
16.92630277486448
17.16920255339653
17.16920255339653
17.413786396742864
17.660053357398922
17.660053357398922
17.908002476981153
18.157632789225474
18.157632789225474
18.40894332202521
18.661933098164567
18.661933098164567
18.916601135281695
19.172946446637496
19.172946446637496
19.430968039395722
19.690664914751423
19.690664914751423
19.952036068945887
20.21508049242111
20.21508049242111
20.479797167314487
20.74618506594571
20.74618506594571
21.014243151622395
21.283970380782634
21.283970380782634
21.55536570382081
21.828428065545708
21.828428065545708
22.103156407241073
22.379549667956482
22.379549667956482
22.65760678337334
22.937326683575293
22.937326683575293
23.218708291642812
23.501750523511404
23.501750523511404
23.786452288361872
24.072812488838636
24.072812488838636
24.36083002095377
24.65050377353593
24.65050377353593
24.94183262761136
25.23481545557162
25.23481545557162
25.529451118720644
25.82573846600107
25.82573846600107
26.123676335538832
26.42326355711549
26.42326355711549
26.724498953370755
27.027381340445004
27.027381340445004
27.331909530555308
27.638082333475793
27.638082333475793
27.945898554592404
28.25535699160541
28.25535699160541
28.56645643289835
28.879195657881766
28.879195657881766
29.193573437926275
29.509588536703575
29.509588536703575
29.827239709991048
30.146525705450543
30.146525705450543
30.467445262477625
30.78999711212282
30.78999711212282
31.114179977202696
31.439992572170254
31.439992572170254
31.767433602628387
32.09650176523377
32.09650176523377
32.427195747899546
32.759514230121326
32.759514230121326
33.093455883180184
33.42901936633474
33.42901936633474
33.76620332323134
34.10500638287172
34.10500638287172
34.445427110656254
34.78746385800652
34.78746385800652
35.131114697799774
35.476377462909525
35.476377462909525
35.82324995051769
36.17173007137369
36.17173007137369
36.5218157915282
36.87350500975853
36.87350500975853
37.226795548193465
37.58168523814021
37.58168523814021
37.93817192985357
38.2962534717758
38.2962534717758
38.655927694354105
39.0171924092088
39.0171924092088
39.38004541621767
39.74448450899007
39.74448450899007
40.11050747480033
40.478112097302045
40.478112097302045
40.84729615818159
41.218057436357526
41.218057436357526
41.59039370628709
41.96430273652224
41.96430273652224
42.33978228909905
42.716830119451245
42.716830119451245
43.09544397684826
43.47562160437235
43.47562160437235
43.8573607387235
44.24065911043556
44.24065911043556
44.62551444428871
45.01192445983622
45.01192445983622
45.399886871620794
45.78939938955308
45.78939938955308
46.180459714826256
46.57306553705857
46.57306553705857
46.96721453570426
47.36290438315636
47.36290438315636
47.76013274715642
48.158897291867646
48.158897291867646
48.5591956784387
48.9610255663044
48.9610255663044
49.36438461752151
49.76927049769063
49.76927049769063
50.17568087400514
50.58361341322575
50.58361341322575
50.99306578103729
51.40403564109775
51.40403564109775
51.816520649644346
52.23051845358718
52.23051845358718
52.646026688930945
53.063042985910485
53.063042985910485
53.48156497553839
53.901590291608215
53.901590291608215
54.32311657134956
54.7461414589543
54.7461414589543
55.1706626073714
55.59667767893362
55.59667767893362
56.02418433920084
56.45318025421871
56.45318025421871
56.883663090994006
57.31563051891932
57.31563051891932
57.749080210708954
58.1840098424407
58.1840098424407
58.620417092642256
59.05829963919952
59.05829963919952
59.497655153360355
59.93848129799032
59.93848129799032
60.38077573249474
60.82453611947528
60.82453611947528
61.26976012825625
61.71644544102993
61.71644544102993
62.164589758078236
62.61419079629806
62.61419079629806
63.065246283093245
63.51775395145003
63.51775395145003
63.97171153889417
64.42711678785031
64.42711678785031
64.88396743964921
65.34226122879664
65.34226122879664
65.80199588517348
66.26316914153269
66.26316914153269
66.72577873932899
67.18982243404486
67.18982243404486
67.65529800114635
68.12220323694939
68.12220323694939
68.5905359533873
69.06029397191332
69.06029397191332
69.53147512091267
70.00407723633239
70.00407723633239
70.47809815921774
70.9535357312069
70.9535357312069
71.43038779421005
71.90865219468478
71.90865219468478
72.38832678783321
72.86940943894085
72.86940943894085
73.35189802272842
73.83579042261864
73.83579042261864
74.32108453467409
74.80777827343626
74.80777827343626
75.29586957010679
75.78535634776564
75.78535634776564
76.27623649822158
76.76850790249577
76.76850790249577
77.2621684433379
77.75721601135892
77.75721601135892
78.25364850787666
78.75146384297649
78.75146384297649
79.25065992921064
79.75123467984257
79.75123467984257
80.25318601347128
80.75651185577415
80.75651185577415
81.26121014078639
81.7672788099881
81.7672788099881
82.27471581479374
82.78351911620511
82.78351911620511
83.29368668280067
83.80521649039055
83.80521649039055
84.31810652232612
84.8323547696882
84.8323547696882
85.34795923120852
85.86491791265321
85.86491791265321
86.38322882624804
86.90288999055288
86.90288999055288
87.4238994306992
87.94625517853545
87.94625517853545
88.4699552745222
88.99499777303761
88.99499777303761
89.521380744687
90.04910227265573
90.04910227265573
90.57816044713182
91.10855336217726
91.10855336217726
91.64027911539425
92.17333580813151
92.17333580813151
92.70772154551496
93.24343443646704
93.24343443646704
93.78047259375889
94.31883413139319
94.31883413139319
94.8585171586132
95.39951977729417
95.39951977729417
95.94184008532052
96.4854761816975
96.4854761816975
97.0304261690918
97.57668815333086
97.57668815333086
98.12426024143205
98.67314054006262
98.67314054006262
99.2233271553139
99.77481819331335
99.77481819331335
100.32761176069978
100.88170596448622
100.88170596448622
101.437098911586
101.99378870837857
101.99378870837857
102.55177346042525
103.11105127223298
103.11105127223298
103.6716202470454
104.23347848657347
104.23347848657347
104.79662408981052
105.36105515648613
105.36105515648613
105.92676979329248
106.49376611333959
106.49376611333959
107.06204223217763
107.63159626420874
107.63159626420874
108.2024263207294
108.7745305093086
108.7745305093086
109.3479069337129
109.9225536938939
109.9225536938939
110.49846888098965
111.0756505715808
111.0756505715808
111.65409682779047
112.23380570117182
112.23380570117182
112.81477523636387
113.39700347291999
113.39700347291999
113.98048844564842
114.56522818438795
114.56522818438795
115.15122071364381
115.73846405229803
115.73846405229803
116.32695621246226
116.91669519461125
116.91669519461125
117.50767898656348
118.09990556507579
118.09990556507579
118.69337289793786
119.28807894556822
119.28807894556822
119.88402166170839
120.48119900213986
120.48119900213986
121.07960893301193
121.6792494288713
121.6792494288713
122.28011846567499
122.88221401508018
122.88221401508018
123.48553404169611
124.09007650361924
124.09007650361924
124.69583935025558
125.30282052220996
125.30282052220996
125.91101795304927
126.52042956917826
126.52042956917826
127.13105328005103
127.7428869743536
127.7428869743536
128.35592851448308
128.97017575106804
128.97017575106804
129.5856265291502
130.2022786871022
130.2022786871022
130.8201300558705
131.43917845992468
131.43917845992468
132.05942167427486
132.6808573775266
132.6808573775266
133.3034831300833
133.9272964018636
133.9272964018636
134.5522946463936
135.1784753435174
135.1784753435174
135.8058359703541
136.43437399710876
136.43437399710876
137.06408688407072
137.69497208150545
137.69497208150545
138.32702704163364
138.96024921921446
138.96024921921446
139.5946360758465
140.23018507301117
140.23018507301117
140.86689366276624
141.5047592856863
141.5047592856863
142.14377937417726
142.78395135418305
142.78395135418305
143.42527263969043
144.067740620611
144.067740620611
144.7113526582104
145.35610609281792
145.35610609281792
146.0019982550054
146.64902647139075
146.64902647139075
147.29718806427945
147.94648035209804
147.94648035209804
148.5969006600523
149.2484463274546
149.2484463274546
149.90111470225088
150.55490312807711
150.55490312807711
151.2098089401482
151.86582946607092
151.86582946607092
152.5229620258952
153.18120391909622
153.18120391909622
153.84055240924255
154.50100472787807
154.50100472787807
155.16255809123658
155.82520971213143
155.82520971213143
156.48895680192362
157.1537965817932
157.1537965817932
157.81972629614324
158.48674320044285
158.48674320044285
159.1548445504485
159.82402759800328
159.82402759800328
160.49428958884107
161.16562774593496
161.16562774593496
161.8380392542669
162.51152127702727
162.51152127702727
163.18607105138835
163.86168614316585
163.86168614316585
164.5383645019494
165.21610424253868
165.21610424253868
165.89490356533707
166.57476069660657
166.57476069660657
167.2556738569831
167.9376412541626
167.9376412541626
168.6206610844481
169.3047315364562
169.3047315364562
169.98985079382857
170.6760170361706
170.6760170361706
171.36322842810364
172.0514830996412
172.0514830996412
172.7407791464314
173.43111464259397
173.43111464259397
174.12248765283056
174.81489625780495
174.81489625780495
175.508338569736
176.20281272662595
176.20281272662595
176.8983168784584
177.5948491769027
177.5948491769027
178.2924077710651
178.99099080699636
178.99099080699636
179.69059642835708
180.39122277714552
180.39122277714552
181.09286798789753
181.7955301501978
181.7955301501978
182.499207301683
183.20389744666346
183.20389744666346
183.90959861693494
184.61630889690002
184.61630889690002
185.3240264110937
186.03274930252087
186.03274930252087
186.74247571856557
187.4532038060281
187.4532038060281
188.164931711152
188.8776575808016
188.8776575808016
189.5913795633627
190.3060958051655
190.3060958051655
191.02180443535372
191.73850356128463
191.73850356128463
192.4561912669301
193.1748656316704
193.1748656316704
193.8945247447793
194.61516670630647
194.61516670630647
195.33678963323672
196.05939167010604
196.05939167010604
196.78297098719162
197.50752577077617
197.50752577077617
198.23305421513203
198.95955450016157
198.95955450016157
199.68702473010177
200.4154629095238
200.4154629095238
201.14486697240318
201.8752348241735
201.8752348241735
202.60656438750453
203.3388536289803
203.3388536289803
204.0721005554505
204.806303198126
204.806303198126
205.54145959988597
206.27756780955218
206.27756780955218
207.01462587839376
207.7526318648105
207.7526318648105
208.49158383702172
209.2314798711157
209.2314798711157
209.97231771518602
210.7140955032478
210.7140955032478
211.4568113942255
212.20046344635875
212.20046344635875
212.94505025218308
213.69056949002396
213.69056949002396
214.43701898580628
215.1843968048679
215.1843968048679
215.93270110561718
216.68193006085028
216.68193006085028
217.43208183724715
218.18315459851607
218.18315459851607
218.93514651134916
219.68805574908657
219.68805574908657
220.44188049133226
221.1966189262323
221.1966189262323
221.9522692334948
222.70882941928807
222.70882941928807
223.46629704486367
224.22466921568054
224.22466921568054
224.9839422792217
225.74411261209008
225.74411261209008
226.50517675856992
227.267131325339
227.267131325339
228.0299729469267
228.79369827321858
228.79369827321858
229.55830397330112
230.32378672660377
230.32378672660377
231.09014321258843
231.8573700932837
231.8573700932837
232.62546401311613
233.39442159267986
233.39442159267986
234.1642394550302
234.93491423155882
234.93491423155882
235.70644256041396
236.47882108513994
236.47882108513994
237.25204646262006
238.0261153764921
238.0261153764921
238.80102454243627
239.57677070100624
239.57677070100624
240.35334968926395
241.1307553656274
241.1307553656274
241.90897896411673
242.68801014675415
242.68801014675415
243.4678384100576
244.24845363963266
244.24845363963266
245.0298460191637
245.81200587010176
245.81200587010176
246.59492166621482
247.37858402736293
247.37858402736293
248.16298373117974
248.94811111859104
248.94811111859104
249.73395920051377
250.52051640137904
250.52051640137904
251.30777126742476
252.09571053596233
252.09571053596233
252.88431775258675
253.67357378832565
253.67357378832565
254.46345842183376
255.25395149045295
255.25395149045295
256.04503313701923
256.836683684547
256.836683684547
257.62887956384026
258.4215914594924
258.4215914594924
259.214784084078
260.0084170144739
260.0084170144739
260.8024485798912
261.59683763113475
261.59683763113475
262.3915436664042
263.18652646623946
263.18652646623946
263.98174585765855
264.7771617791617
264.7771617791617
265.5727352080254
266.36842226398727
266.36842226398727
267.1641881314386
267.95999890651336
267.95999890651336
268.7558188187394
269.5516218924869
269.5516218924869
270.347367725492
271.14302679845116
271.14302679845116
271.9385827062814
272.7340256304362
272.7340256304362
273.5293472850476
274.32454040610753
274.32454040610753
275.119597052021
275.9145076600622
275.9145076600622
276.7092636655704
277.50385938615875
277.50385938615875
278.2982928493301
279.09256376917574
279.09256376917574
279.8866714465713
280.68061419766224
280.68061419766224
281.47439005635675
282.26799746422296
282.26799746422296
283.0614352416471
283.85470216528563
283.85470216528563
284.64779678387146
285.4407175520819
285.4407175520819
286.23346270545767
287.0260280963677
287.0260280963677
287.81840559480094
288.61058400036404
288.61058400036404
289.4025512192749
290.1942956865181
290.1942956865181
290.98580648373206
291.7770728623795
291.7770728623795
292.56808391362847
293.3588285614568
293.3588285614568
294.1492956990761
294.9394742467166
294.9394742467166
295.72935324010143
296.5189219690559
296.5189219690559
297.3081699755958
298.09708695370716
298.09708695370716
298.88566265331485
299.67388683032095
299.67388683032095
300.46174923384257
301.2492396093615
301.2492396093615
302.0363477042378
302.8230632710716
302.8230632710716
303.6093760688464
304.39527586307577
304.39527586307577
305.1807524257253
305.965795535117
305.965795535117
306.75039497598954
307.5345217455344
307.5345217455344
308.3181313626251
309.1011833942557
309.1011833942557
309.88367826836964
310.6656164041964
310.6656164041964
311.44699822210623
312.2278241418122
312.2278241418122
313.00809457799653
313.7878099314392
313.7878099314392
314.5669706218646
315.34557705934253
315.34557705934253
316.12362965113516
316.9011288065754
316.9011288065754
317.67807493050435
318.4544684275598
318.4544684275598
319.2303097012683
320.00559915410366
320.00559915410366
320.78033718755006
321.554524202192
321.554524202192
322.3281605977866
323.1012467733375
323.1012467733375
323.87378312716584
324.64577005698237
324.64577005698237
325.417207959959
326.18809723364217
326.18809723364217
326.9584382996763
327.7282316156731
327.7282316156731
328.4974776367044
329.2661768185146
329.2661768185146
330.03432961642727
330.801936485399
330.801936485399
331.5689978800805
332.33551425487485
332.33551425487485
333.10148606367534
333.86691373937396
333.86691373937396
334.6317976792916
335.39613827816095
335.39613827816095
336.15993593101786
336.92319103324803
336.92319103324803
337.6859039806321
338.4480751693896
338.4480751693896
339.20970499621905
339.9707938583367
339.9707938583367
340.7313421535147
341.4913502801149
341.4913502801149
342.25081863712256
343.0097476241753
343.0097476241753
343.76813764159414
344.52598909040853
344.52598909040853
345.2833023853613
346.04007801400525
346.04007801400525
346.7963164653319
347.5520182118148
347.5520182118148
348.3071837632836
349.0618135743396
349.0618135743396
349.81590814669613
350.5694679253208
350.5694679253208
351.32249328362565
352.07498465062076
352.07498465062076
352.8269424478417
353.578367060235
353.578367060235
354.3292589143146
355.0796184152553
355.0796184152553
355.8294459779855
356.5787420167627
356.5787420167627
357.32750694442393
358.07574118108107
358.07574118108107
358.82344514443014
359.57061925988654
359.57061925988654
360.31726390178886
361.0633795096647
361.0633795096647
361.8089664946246
362.5540253026652
362.5540253026652
363.29855635783645
364.04256005212613
364.04256005212613
364.7860368207499
365.5289870834206
365.5289870834206
366.27141131578975
367.01331001937723
367.01331001937723
367.7546837962705
368.49553321747396
368.49553321747396
369.23585870996476
369.97566075506677
369.97566075506677
370.7149397641011
371.45369619506556
371.45369619506556
372.1919304446279
372.9296429426391
372.9296429426391
373.6668341422017
374.4035044200256
374.4035044200256
375.13965422959853
375.8752839848659
375.8752839848659
376.6103941488827
377.3449851457443
377.3449851457443
378.0790573796237
378.81261128543355
378.81261128543355
379.54564731652124
380.27816584582644
380.27816584582644
381.01016733952076
381.7416522133626
381.7416522133626
382.4726209290748
383.2030739115963
383.2030739115963
383.9330116790886
384.66243475368367
384.66243475368367
385.3913436221489
386.1197387555486
386.1197387555486
386.84762070051386
387.5749899405432
387.5749899405432
388.30184688570426
389.02819196672647
389.02819196672647
389.7540256424311
390.4793483094327
390.4793483094327
391.2041603976342
391.9284623534617
391.9284623534617
392.6522545410019
393.37553742967066
393.37553742967066
394.09831140408323
394.8205769182362
394.8205769182362
395.5423343853082
396.26358423659764
396.26358423659764
396.98432686581015
397.7045626949744
397.7045626949744
398.42429216876644
399.14351565929053
399.14351565929053
399.86223359714626
400.58044639385434
400.58044639385434
401.2981544766402
402.01535825602963
402.01535825602963
402.7320581440655
403.4482545517907
403.4482545517907
404.1639478892812
404.8791385656451
404.8791385656451
405.59382698896377
406.30801359742685
406.30801359742685
407.0216988255424
407.7348831302361
407.7348831302361
408.4475668937461
409.15975062510466
409.15975062510466
409.87143473678873
410.5826196972857
410.5826196972857
411.2933059670974
412.0034939658513
412.0034939658513
412.71318416130174
413.42237699085433
413.42237699085433
414.13107280277933
414.8392720467147
414.8392720467147
415.5469750895539
416.25418232534014
416.25418232534014
416.96089417584227
417.66711100425977
417.66711100425977
418.3728332030475
419.078061181667
419.078061181667
419.7827952763835
420.48703590426646
420.48703590426646
421.19078343573636
421.8940382804618
421.8940382804618
422.59680078910657
423.29907134142167
423.29907134142167
424.00085034503127
424.70213815003893
424.70213815003893
425.4029351444602
426.1032417639081
426.1032417639081
426.80305837979057
427.5023854269756
427.5023854269756
428.20122331297495
428.8995724653592
428.8995724653592
429.5974332935043
430.2948062073718
430.2948062073718
430.99169161546666
431.68808992483054
431.68808992483054
432.3840015362091
433.07942682369986
433.07942682369986
433.7743661461744
434.46881986171894
434.46881986171894
435.16278832736936
435.85627189873065
435.85627189873065
436.54927093028806
437.24178577530535
437.24178577530535
437.9338167859415
438.62536431309394
438.62536431309394
439.31642870651126
440.0070103147777
440.0070103147777
440.69710948533856
441.3867265645118
441.3867265645118
442.0758618974917
442.76451582834477
442.76451582834477
443.4526887000527
444.14038085450846
444.14038085450846
444.8275926325217
445.51432437383323
445.51432437383323
446.2005764178403
446.88634912933946
446.88634912933946
447.5716429053333
448.256458111735
448.256458111735
448.94079517825094
449.6246544987983
449.6246544987983
450.3080364204952
450.99094137024696
450.99094137024696
451.673369721046
452.35532181751006
452.35532181751006
453.0367979528796
453.71779847417463
453.71779847417463
454.39832369922397
455.0783739919531
455.0783739919531
455.75794966493794
456.43705099980366
456.43705099980366
457.11567835561937
457.79383203550003
457.79383203550003
458.4715123753279
459.1487196885148
459.1487196885148
459.82545430332385
460.5017165290519
460.5017165290519
461.177506705677
461.8528251215549
461.8528251215549
462.52767210770384
463.202047991616
463.202047991616
463.8759530739018
464.54938766953313
464.54938766953313
465.222352112574
465.89484674245017
465.89484674245017
466.5668718664513
467.23842789900476
467.23842789900476
467.9094108399501
468.57971750714836
468.57971750714836
469.2493487296918
469.9183054570728
469.9183054570728
470.5865885023323
471.25419878465317
471.25419878465317
471.9211372072322
472.5874046029466
472.5874046029466
473.25300181219285
473.91792976188043
473.91792976188043
474.58218932921517
475.2457812729173
475.2457812729173
475.90870652104303
476.5709659001307
476.5709659001307
477.23256032858575
477.8934906570001
477.8934906570001
478.5537577488512
479.2133623407769
479.2133623407769
479.87230538611715
480.53058770309275
480.53058770309275
481.18821010528546
481.8451735770795
481.8451735770795
482.5014789664278
483.1571272734207
483.1571272734207
483.81211940843315
484.4664561538437
484.4664561538437
485.1201384682251
485.77316711363306
485.77316711363306
486.42554301742194
487.07726699397784
487.07726699397784
487.72833976764247
488.37876224299833
488.37876224299833
489.0285352229054
489.6776595787107
489.6776595787107
490.32613603821704
490.9739654600125
490.9739654600125
491.6211486440383
492.26768645605654
492.26768645605654
492.91357970562916
493.55882921260473
493.55882921260473
494.20343573578526
494.8474001504092
494.8474001504092
495.49072332923066
496.133406032222
496.133406032222
496.77544916959874
497.41685356432
497.41685356432
498.05762013132977
498.69774971480757
498.69774971480757
499.33724312019984
499.97610111870046
499.97610111870046
500.61432458178507
501.2519142262601
501.2519142262601
501.88887093844033
502.525195492882
502.525195492882
503.1608885734443
503.79595106180915
503.79595106180915
504.43038371319227
505.0641872817053
505.0641872817053
505.6973626079419
506.32991047983165
506.32991047983165
506.9618316167443
507.5931268348424
507.5931268348424
508.22379693633087
508.8538426450004
508.8538426450004
509.4832647739541
510.11206411608697
510.11206411608697
510.74024136280053
511.36779735666056
511.36779735666056
511.9947328936882
512.6210487830419
512.6210487830419
513.2467458626168
513.8718249384626
513.8718249384626
514.4962868822281
515.1201324812374
515.1201324812374
515.7433624314546
516.3659776134103
516.3659776134103
516.9879787472668
517.6093666453916
517.6093666453916
518.2301419947527
518.8503055882138
518.8503055882138
519.4698582055711
520.0888005419331
520.0888005419331
520.7071333822449
521.3248574635091
521.3248574635091
521.9419735592721
522.5584824145328
522.5584824145328
523.1743847776831
523.7896813958778
523.7896813958778
524.4043730151152
525.0184603802584
525.0184603802584
525.6319442350047
526.2448253219346
526.2448253219346
526.8571043824658
527.4687821577926
527.4687821577926
528.0798594066528
528.6903369365882
528.6903369365882
529.3002155249926
529.909495957745
529.909495957745
530.5181790726112
531.1262656595545
531.1262656595545
531.7337564363306
532.3406521363061
532.3406521363061
532.9469535202114
533.5526612788636
533.5526612788636
534.1577761544266
534.7622989109312
534.7622989109312
535.366230167563
535.9695707331939
535.9695707331939
536.5723212970983
537.1744825640834
537.1744825640834
537.776055280996
538.3770401870383
538.3770401870383
538.977437970887
539.5772493072359
539.5772493072359
540.1764750020084
540.7751157198405
540.7751157198405
541.3731721701572
541.9706450797917
541.9706450797917
542.5675351006005
543.1638429922859
543.1638429922859
543.7595694764341
544.3547151899593
544.3547151899593
544.9492808933178
545.5432673444922
545.5432673444922
546.1366752991892
546.7295055333775
546.7295055333775
547.3217587494846
547.9134357301953
547.9134357301953
548.5045372131881
549.0950638192585
549.0950638192585
549.6850162890717
550.2743952883127
550.2743952883127
550.8632015539515
551.4514357620885
551.4514357620885
552.0390986070445
552.6261907816714
552.6261907816714
553.2127128678159
553.7986656315404
553.7986656315404
554.3840497077036
554.9688658060843
554.9688658060843
555.5531146154289
556.1367967268598
556.1367967268598
556.719912872809
557.3024637299179
557.3024637299179
557.8844499772525
558.4658721975795
558.4658721975795
559.0467311197117
559.6270274178695
559.6270274178695
560.2067617616408
560.7859347118393
560.7859347118393
561.3645470086724
561.9425992618899
561.9425992618899
562.5200921550256
563.097026353581
563.097026353581
563.673402436865
564.2492210885083
564.2492210885083
564.8244829370536
565.3991887289343
565.3991887289343
565.9733391185753
566.5469346897603
566.5469346897603
567.1199762173619
567.692464333268
567.692464333268
568.2643997490421
568.8357831438885
568.8357831438885
569.4066151035298
569.9768962838577
569.9768962838577
570.5466273259418
571.1158088032956
571.1158088032956
571.6844413634954
572.2525256406723
572.2525256406723
572.8200622005022
573.3870516842172
573.3870516842172
573.9534947211968
574.5193918799455
574.5193918799455
575.0847437966277
575.6495510886178
575.6495510886178
576.2138142869421
576.7775340434895
576.7775340434895
577.3407109599323
577.9033456454173
577.9033456454173
578.4654386344727
579.0269905546057
579.0269905546057
579.5880019992192
580.1484735548132
580.1484735548132
580.7084058183425
581.2677993822128
581.2677993822128
581.8266548383674
582.3849726880228
582.3849726880228
582.9427535814673
583.4999980721951
583.4999980721951
584.0567067276124
584.6128802182333
584.6128802182333
585.1685191866261
585.7236242717264
585.7236242717264
586.2781961395882
586.832235336415
586.832235336415
587.3857423588943
587.9387178174703
587.9387178174703
588.4911622760927
589.0430763060543
589.0430763060543
589.5944604090741
590.1453151665571
590.1453151665571
590.6956411260851
591.2454388591282
591.2454388591282
591.7947089139201
592.3434518401799
592.3434518401799
592.8916681861303
593.4393584984664
593.4393584984664
593.9865233225785
594.533163202306
594.533163202306
595.0792786801459
595.624870297192
595.624870297192
596.1699385932056
596.7144841065953
596.7144841065953
597.2585073744386
597.8020089325403
597.8020089325403
598.3449893153636
598.8874490561768
598.8874490561768
599.4293886869353
599.9708087383699
599.9708087383699
600.5117097399785
601.0520922213624
601.0520922213624
601.5919567381422
602.1313038736926
602.1313038736926
602.6701341677033
603.2084481559389
603.2084481559389
603.7462464267555
604.2835295479535
604.2835295479535
604.82029807321
605.3565525413925
605.3565525413925
605.8922934183043
606.4275212446641
606.4275212446641
606.9622365289497
607.4964398029931
607.4964398029931
608.030131577276
608.5633123639723
608.5633123639723
609.0959826742427
609.6281430182114
609.6281430182114
610.1597939049794
610.6909358427762
610.6909358427762
611.2215693387304
611.7516948990418
611.7516948990418
612.2813130290107
612.8104242329293
612.8104242329293
613.33902901415
613.867127875098
613.867127875098
614.3947213172789
614.9218098412462
614.9218098412462
615.4483939467177
615.9744741324159
615.9744741324159
616.5000509062544
617.0251247601534
617.0251247601534
617.5496962081148
618.0737657244642
618.0737657244642
618.5973337785514
619.1204008902293
619.1204008902293
619.6429675504022
620.1650342658944
620.1650342658944
620.686601500925
621.2076697735522
621.2076697735522
621.7282395825478
622.2483113415286
622.2483113415286
622.7678856027326
623.2869628136793
623.2869628136793
623.8055434920196
624.3236281700403
624.3236281700403
624.8412173447045
625.358311527271
625.358311527271
625.8749112583511
626.3910170690231
626.3910170690231
626.9066294416909
627.4217489051177
627.4217489051177
627.9363759553362
628.4505110183127
628.4505110183127
628.9641546051168
629.4773071771789
629.4773071771789
629.9899692465258
630.5021412850043
630.5021412850043
631.0138237416246
631.5250171033415
631.5250171033415
632.0357218274972
632.5459384239166
632.5459384239166
633.0556673319941
633.5649090388471
633.5649090388471
634.0736640249638
634.5819327667532
634.5819327667532
635.0897156626704
635.5970132407541
635.5970132407541
636.1038259340962
636.6101542305837
636.6101542305837
637.1159986076882
637.6213594879134
637.6213594879134
638.1262373581527
638.6306326938866
638.6306326938866
639.1345459397503
639.6379775572603
639.6379775572603
640.1409280271089
640.643397789467
640.643397789467
641.1453872915142
641.646897060548
641.646897060548
642.1479275822662
642.6484792803144
642.6484792803144
643.1485527002878
643.648148307007
643.648148307007
644.1472666138616
644.6459080410057
644.6459080410057
645.1440730851925
645.6417621985407
645.6417621985407
646.1389758418997
646.635714427098
646.635714427098
647.131978423193
647.627768292074
647.627768292074
648.1230844557599
648.6179273847122
648.6179273847122
649.1122975312799
649.6061952704824
649.6061952704824
650.0996211039312
650.5925754359547
650.5925754359547
651.0850587293493
651.5770714406731
651.5770714406731
652.06861399396
652.5596868169355
652.5596868169355
653.0502903768161
653.540425064155
653.540425064155
654.0300913407902
654.5192896434389
654.5192896434389
655.0080204056338
655.4962840636375
655.4962840636375
655.9840810490822
656.4714118077081
656.4714118077081
656.9582767506029
657.4446763035114
657.4446763035114
657.9306109000217
658.4160809789335
658.4160809789335
658.9010869711808
659.3856293119034
659.3856293119034
659.8697083784792
660.3533246297152
660.3533246297152
660.8364784904968
661.3191703964588
661.3191703964588
661.8014007416116
662.2831699501565
662.2831699501565
662.764478476994
663.2453267145862
663.2453267145862
663.7257150929598
664.2056440771455
664.2056440771455
664.6851140556764
665.1641255161638
665.1641255161638
665.6426789119112
666.120774693643
666.120774693643
666.5984132394666
667.0755950442161
667.0755950442161
667.5523205036541
668.0285900528577
668.0285900528577
668.5044041127044
668.9797630476318
668.9797630476318
669.4546672989208
669.9291172758006
669.9291172758006
670.4031133995312
670.876656056506
670.876656056506
671.3497456614921
671.8223826434012
671.8223826434012
672.2945673517952
672.7663002368346
672.7663002368346
673.2375816669409
673.7084120765599
673.7084120765599
674.1787918623771
674.648721424829
674.648721424829
675.118201173842
675.5872315182755
675.5872315182755
676.0558128639727
676.5239455487655
676.5239455487655
676.9916300242758
677.4588666550962
677.4588666550962
677.9256558580246
678.3919980441635
678.3919980441635
678.8578935939327
679.3233428817357
679.3233428817357
679.7883463259747
680.2529043302575
680.2529043302575
680.7170172865308
681.1806855943421
681.1806855943421
681.643909599549
682.1066897272699
682.1066897272699
682.5690263706667
683.0309199285683
683.0309199285683
683.4923707517614
683.9533792467873
683.9533792467873
684.4139457975001
684.874070804634
684.874070804634
685.3337546531689
685.7929977295822
685.7929977295822
686.2518004197048
686.7101631087388
686.7101631087388
687.1680861812788
687.6255700213761
687.6255700213761
688.0826150182871
688.5392216134991
688.5392216134991
688.9953901572106
689.4511210809881
689.4511210809881
689.9064147993697
690.3612717233906
690.3612717233906
690.8156921969828
691.2696766739273
691.2696766739273
691.7232255157546
692.176339120613
692.176339120613
692.6290178755689
693.0812621216201
693.0812621216201
693.5330722547702
693.9844486566392
693.9844486566392
694.4353917046641
694.8859017801566
694.8859017801566
695.3359792137447
695.7856244081986
695.7856244081986
696.2348377365342
696.683619580716
696.683619580716
697.1319702853299
697.5798902385892
697.5798902385892
698.027379820206
698.4744393647527
698.4744393647527
698.9210692612054
699.3672698837595
699.3672698837595
699.8130416022267
700.2583847915591
700.2583847915591
700.703299779704
701.1477869538899
701.1477869538899
701.5918466709674
702.0354793464811
702.0354793464811
702.4786853279335
702.9214649221101
702.9214649221101
703.3638185408514
703.8057465147651
703.8057465147651
704.2472492246305
704.6883270422369
704.6883270422369
705.1289803162244
705.5692094073456
705.5692094073456
706.009014691169
706.4483965076919
706.4483965076919
706.8873552360069
707.3258912408902
707.3258912408902
707.7640048253423
708.2016963936919
708.2016963936919
708.6389662735079
709.075814837946
709.075814837946
709.5122424546175
709.9482494603621
709.9482494603621
710.3838362263162
710.8190030689381
710.8190030689381
711.2537503725073
711.6880784926195
711.6880784926195
712.1219877974913
712.5554786205093
712.5554786205093
712.9885513961025
713.4212065086411
713.4212065086411
713.8534443405631
714.2852652666024
714.2852652666024
714.7166695873407
715.147657694592
715.147657694592
715.5782299166697
716.0083866192389
716.0083866192389
716.4381281541226
716.8674548137551
716.8674548137551
717.2963669877718
717.7248649925435
717.7248649925435
718.1529491875206
718.5806199263475
718.5806199263475
719.0078775307146
719.4347223598684
719.4347223598684
719.8611547609521
720.2871750267453
720.2871750267453
720.7127835386307
721.13798061985
721.13798061985
721.5627666066612
721.9871418384687
721.9871418384687
722.4111066669434
722.8346614117186
722.8346614117186
723.2578064281623
723.6805420126112
723.6805420126112
724.1028685227824
724.5247862916362
724.5247862916362
724.9462956630645
725.3673969470819
725.3673969470819
725.7880904892326
726.2083766277193
726.2083766277193
726.6282556630607
727.047727940944
727.047727940944
727.4667937998069
727.885453549943
727.885453549943
728.3037075316903
728.7215560794151
728.7215560794151
729.1389995234784
729.5560381379969
729.5560381379969
729.9726722904029
730.38890227543
730.38890227543
730.8047284320384
731.2201510914304
731.2201510914304
731.6351705589469
732.0497871595004
732.0497871595004
732.4640012145348
732.8778130442198
732.8778130442198
733.2912229655208
733.7042313035989
733.7042313035989
734.1168383647894
734.5290444686148
734.5290444686148
734.9408499579091
735.3522551424663
735.3522551424663
735.7632603698958
736.1738659786051
736.1738659786051
736.5840722623901
736.9938795735011
736.9938795735011
737.4032882396049
737.8122985942647
737.8122985942647
738.2209109419082
738.6291255913337
738.6291255913337
739.036942862143
739.4443630414415
739.4443630414415
739.8513864499519
740.2580133980979
740.2580133980979
740.6642441497639
741.0700790422325
741.0700790422325
741.4755183542162
741.8805624049572
741.8805624049572
742.2852114937033
742.6894659199243
742.6894659199243
743.0933259902445
743.4967919799659
743.4967919799659
743.8998642002481
744.3025429560871
744.3025429560871
744.7048285200161
745.1067212007814
745.1067212007814
745.508221301451
745.9093290949005
745.9093290949005
746.3100448877078
746.7103689788188
746.7103689788188
747.110301629483
747.5098431447246
747.5098431447246
747.9089938091422
748.3077539218133
748.3077539218133
748.7061237753603
749.1041036565018
749.1041036565018
749.5016938545695
749.8988946390442
749.8988946390442
750.2957062957719
750.6921291298647
750.6921291298647
751.0881634222108
751.4838094274209
751.4838094274209
751.879067444305
752.273937756181
752.273937756181
752.6684206429945
753.0625163919535
753.0625163919535
753.4562252727648
753.849547564369
753.849547564369
754.2424835569211
754.6350335130055
754.6350335130055
755.027197714066
755.4189764520283
755.4189764520283
755.810369965823
756.2013785568824
756.2013785568824
756.5920025057949
756.9822420899994
756.9822420899994
757.3720975392525
757.7615691627465
757.7615691627465
758.150657206764
758.5393619571156
758.5393619571156
758.9276836886137
759.3156226727033
759.3156226727033
759.7031791841316
760.0903534624248
760.0903534624248
760.4771457926357
760.8635564344664
760.8635564344664
761.2495856807758
761.6352337916643
761.6352337916643
762.020501007921
762.405387608782
762.405387608782
762.789893864215
763.1740200445445
763.1740200445445
763.5577664331712
763.9411332812106
763.9411332812106
764.3241209141693
764.7067295991133
764.7067295991133
765.0889596431854
765.4708113094499
765.4708113094499
765.8522848649328
766.2333805476968
766.2333805476968
766.614098629468
766.9944393780521
766.9944393780521
767.3744030396074
767.7539898678226
767.7539898678226
768.1332001307467
768.5120340907314
768.5120340907314
768.8904919835942
769.2685740774201
769.2685740774201
769.6462806359905
770.0236118989874
770.0236118989874
770.4005681342745
770.7771496010799
770.7771496010799
771.1533565190888
771.5291891725502
771.5291891725502
771.9046478058466
772.2797326632168
772.2797326632168
772.6544440156497
773.0287820917298
773.0287820917298
773.4027471545279
773.7763394641655
773.7763394641655
774.1495592623821
774.5224067941255
774.5224067941255
774.8948823251357
775.2669860759248
775.2669860759248
775.6387183131593
776.0100792850761
776.0100792850761
776.3810692482517
776.7516884415109
776.7516884415109
777.1219371010319
777.4918154957434
777.4918154957434
777.8613238573361
778.2304624458044
778.2304624458044
778.5992315112534
778.967631260164
778.967631260164
779.3356619709012
779.7033238649421
779.7033238649421
780.0706172001984
780.4375422238164
780.4375422238164
780.804099179804
781.1702883174146
781.1702883174146
781.5361098588417
781.9015640584458
781.9015640584458
782.2666511672547
782.6313714177676
782.6313714177676
782.9957250371854
783.3597122986291
783.3597122986291
783.7233334373642
784.0865886612229
784.0865886612229
784.4494782396939
784.812002403811
784.812002403811
785.174161378157
785.5359554166571
785.5359554166571
785.8973847545494
786.2584496356541
786.2584496356541
786.619150296916
786.9794869759106
786.9794869759106
787.3394599100861
787.6990693365067
787.6990693365067
788.058315491922
788.4171986127576
788.4171986127576
788.7757189351008
789.1338766947129
789.1338766947129
789.4916721270205
789.8491054674979
789.8491054674979
790.2061769562339
790.5628868403664
790.5628868403664
790.9192353738343
791.2752228001708
791.2752228001708
791.6308493694393
791.9861153304523
791.9861153304523
792.3410208906079
792.6955663267156
792.6955663267156
793.0497518629039
793.4035777507471
793.4035777507471
793.7570442311755
794.110151523686
794.110151523686
794.4628998653286
794.8152894876373
794.8152894876373
795.1673206286473
795.5189934830566
795.5189934830566
795.870308310322
796.221265321212
796.221265321212
796.5718647552599
796.9221068482269
796.9221068482269
797.2719918146015
797.621519894049
797.621519894049
797.9706913183514
798.3195062833026
798.3195062833026
798.6679650436214
799.0160678160255
799.0160678160255
799.3638148199094
799.7112062889337
799.7112062889337
800.0582424415863
800.4049235311322
800.4049235311322
800.7512497731491
801.0972213605024
801.0972213605024
801.4428385451172
801.7881015400184
801.7881015400184
802.1330105745233
802.4775658729055
802.4775658729055
802.8217676658387
803.1656161431841
803.1656161431841
803.5091115556681
803.8522541104118
803.8522541104118
804.1950440397536
804.5374815701115
804.5374815701115
804.879566898252
805.2213002604242
805.2213002604242
805.562681876653
805.9037119726007
805.9037119726007
806.2443907583705
806.584718454564
806.584718454564
806.9246952855627
807.2643214719194
807.2643214719194
807.6035972360382
807.9425227700624
807.9425227700624
808.2810983105852
808.6193240764323
808.6193240764323
808.9572002892209
809.2947271430348
809.2947271430348
809.6319048680926
809.9687336806231
809.9687336806231
810.3052137970898
810.6413454321757
810.6413454321757
810.9771288055392
811.3125641363675
811.3125641363675
811.6476516421232
811.9823915035721
811.9823915035721
812.3167839630032
812.65082921517
812.65082921517
812.9845274838805
813.3178789886558
813.3178789886558
813.6508839263093
813.9835425248195
813.9835425248195
814.3158549969661
814.6478215355296
814.6478215355296
814.9794423621146
815.3107176945144
815.3107176945144
815.641647724729
815.9722326872811
815.9722326872811
816.3024727883859
816.6323682115715
816.6323682115715
816.9619191861735
817.2911259245976
817.2911259245976
817.6199886415484
817.9485075219854
817.9485075219854
818.2766828100575
818.6045147112839
818.6045147112839
818.932003454656
819.2591492607044
819.2591492607044
819.585952313326
819.9124128563049
819.9124128563049
820.2385310894488
820.5643072376348
820.5643072376348
820.8897415176165
821.2148341174023
821.2148341174023
821.539585251744
821.8639951314287
821.8639951314287
822.188063941552
822.5117919023763
822.5117919023763
822.8351792186118
823.1582260807128
823.1582260807128
823.4809327044901
823.8032992722988
823.8032992722988
824.1253259957614
824.4470130806152
824.4470130806152
824.7683607313323
825.0893691513904
825.0893691513904
825.4100385111544
825.730369036298
825.730369036298
826.0503609121113
826.3700143472015
826.3700143472015
826.6893295456267
827.0083066875136
827.0083066875136
827.326945981444
827.645247629341
827.645247629341
827.9632118314611
828.2808387881512
828.2808387881512
828.5981286692376
828.9150816954858
828.9150816954858
829.2316980549073
829.5479779373753
829.5479779373753
829.8639215484741
830.1795290833755
830.1795290833755
830.494800741601
830.8097367001322
830.8097367001322
831.124337163238
831.4386023299036
831.4386023299036
831.7525323956947
832.066127535763
832.066127535763
832.3793879682923
832.6923138838135
832.6923138838135
833.0049054445233
833.3171628684061
833.3171628684061
833.6290863298582
833.9406760304573
833.9406760304573
834.2519321656785
834.5628549297189
834.5628549297189
834.8734445162991
835.1837010883237
835.1837010883237
835.4936248604673
835.8032160106886
835.8032160106886
836.1124747378994
836.4214012354646
836.4214012354646
836.729995669806
837.0382582475373
837.0382582475373
837.3461891598465
837.6537885987467
837.6537885987467
837.9610567290385
838.2679937577544
838.2679937577544
838.5745998768934
838.8808752766755
838.8808752766755
839.1868201152345
839.4924346044517
839.4924346044517
839.7977189147557
840.1026732418587
840.1026732418587
840.407297778048
840.7115926929882
840.7115926929882
841.0155581948871
841.3191944652942
841.3191944652942
841.6225016643909
841.925479999339
841.925479999339
842.2281296486607
842.5304507875571
842.5304507875571
842.8324436101756
843.1341082999257
843.1341082999257
843.4354450449978
843.7364540144301
843.7364540144301
844.0371353996169
844.3374893884824
844.3374893884824
844.6375161495286
844.9372158733161
844.9372158733161
845.2365887468045
845.5356349369835
845.5356349369835
845.8343546336368
846.1327480235119
846.1327480235119
846.4308152760464
846.7285565808504
846.7285565808504
847.0259721218324
847.3230620567645
847.3230620567645
847.6198265898771
847.9162659014225
847.9162659014225
848.2123801784512
848.5081696158416
848.5081696158416
848.8036343921538
849.0987746849421
849.0987746849421
849.3935906990864
849.6880826179707
849.6880826179707
849.9822506036863
850.2760948587296
850.2760948587296
850.5696155672165
850.862812909416
850.862812909416
851.1556870362125
851.4482381462036
851.4482381462036
851.740466404543
852.0323719958748
852.0323719958748
852.3239550993088
852.6152158678356
852.6152158678356
852.9061544948249
853.1967711526821
853.1967711526821
853.4870660158945
853.7770392648814
853.7770392648814
854.0666910511452
854.3560215678885
854.3560215678885
854.64503097814
854.9337194653267
854.9337194653267
855.2220871975297
855.5101343543047
855.5101343543047
855.7978610934873
856.0852675958538
856.0852675958538
856.3723540398529
856.659120591063
856.659120591063
856.9455674111688
857.2316946859299
857.2316946859299
857.5175025844171
857.8029912815017
857.8029912815017
858.0881609332258
858.3730117184118
858.3730117184118
858.65754381361
858.9417573827868
858.9417573827868
859.2256525883198
859.509229614581
859.509229614581
859.7924886200267
860.0754297826544
860.0754297826544
860.3580532744585
860.6403592395482
860.6403592395482
860.9223478678011
861.2040193168372
861.2040193168372
861.4853737630372
861.7664113777373
861.7664113777373
862.0471323080188
862.3275367368749
862.3275367368749
862.6076248336836
862.887396768098
862.887396768098
863.1668526847825
863.445992769597
863.445992769597
863.7248171745352
864.0033260783548
864.0033260783548
864.2815196447004
864.5593980430177
864.5593980430177
864.836961425213
865.1142099641062
865.1142099641062
865.3911438298447
865.6677631772432
865.6677631772432
865.9440681792867
866.2200590032623
866.2200590032623
866.4957357904452
866.7710987247142
866.7710987247142
867.046147962378
867.3208836621585
867.3208836621585
867.5953059934382
867.869415119338
867.869415119338
868.1432112019312
868.4166944089036
868.4166944089036
868.6898648957363
868.9627228162565
868.9627228162565
869.2352683455249
869.5075016458541
869.5075016458541
869.7794228676048
870.0510321795311
870.0510321795311
870.3223297459466
870.5933157090407
870.5933157090407
870.8639902415333
871.1343535035116
871.1343535035116
871.4044056593815
871.674146858747
871.674146858747
871.9435772689915
872.2126970524043
872.2126970524043
872.481506347323
872.7500053297314
872.7500053297314
873.0181941499808
873.2860729695763
873.2860729695763
873.5536419411404
873.8209012327391
873.8209012327391
874.0878509973707
874.3544913952029
874.3544913952029
874.6208225864359
874.8868447115067
874.8868447115067
875.1525579381167
875.4179624259867
875.4179624259867
875.6830583168642
875.9478457744013
875.9478457744013
876.2123249579049
876.476496026117
876.476496026117
876.7403591361
877.0039144175764
877.0039144175764
877.267162046189
877.5301021605815
877.5301021605815
877.7927349240199
878.0550604894026
878.0550604894026
878.317079006115
878.5787906487088
878.5787906487088
878.840195562782
879.1012938766097
879.1012938766097
879.3620857630641
879.6225713598922
879.6225713598922
879.8827508273425
880.1426243229945
880.1426243229945
880.4021920084008
880.661454048833
880.661454048833
880.9204105898835
881.1790618022695
881.1790618022695
881.4374078472069
881.6954488779224
881.6954488779224
881.9531850489202
882.2106164967558
882.2106164967558
882.4677433903157
882.7245658535611
882.7245658535611
882.9810840502715
883.2372981268484
883.2372981268484
883.4932082308574
883.7488145137514
883.7488145137514
884.0041171121156
884.2591161797781
884.2591161797781
884.5138118671377
884.7682043067024
884.7682043067024
885.0222936523442
885.2760800521839
885.2760800521839
885.5295636525993
885.7827446015651
885.7827446015651
886.035623027674
886.2881990863008
886.2881990863008
886.5404729215848
886.7924446821029
886.7924446821029
887.0441145049407
887.2954825296147
887.2954825296147
887.5465489046155
887.7973137738634
887.7973137738634
888.0477772803014
888.2979395690625
888.2979395690625
888.5478007676516
888.7973610259047
888.7973610259047
889.0466204856698
889.2955792872978
889.2955792872978
889.5442375737423
889.7925954869835
889.7925954869835
890.0406531691183
890.2884107407733
890.2884107407733
890.5358683581718
890.7830261551169
890.7830261551169
891.029884261516
891.2764428280032
891.2764428280032
891.5227019927813
891.7686618861555
891.7686618861555
892.0143226480994
892.2596844110701
892.2596844110701
892.5047473207138
892.7495115076854
892.7495115076854
892.9939771053497
893.2381442538644
893.2381442538644
893.4820130877355
893.725583741844
893.725583741844
893.9688563507383
894.2118310486204
894.2118310486204
894.4545079693444
894.6968872464712
894.6968872464712
894.9389690131785
895.1807534023228
895.1807534023228
895.4222405464307
895.663430577681
895.663430577681
895.9043236279258
896.1449198286698
896.1449198286698
896.3852193110887
896.6252222060142
896.6252222060142
896.8649286439402
897.1043387550317
897.1043387550317
897.3434526691012
897.5822705156428
897.5822705156428
897.8207924238047
898.0590185243578
898.0590185243578
898.2969489527746
898.5345838342863
898.5345838342863
898.771923279377
899.0089674311203
899.0089674311203
899.2457164120655
899.4821703411666
899.4821703411666
899.7183293557924
899.9541935809568
899.9541935809568
900.1897631430477
900.425038170123
900.425038170123
900.6600187739457
900.894705086857
900.894705086857
901.1290972300724
901.3631953423231
901.3631953423231
901.596999542858
901.8305099391778
901.8305099391778
902.0637266679292
902.2966498459369
902.2966498459369
902.5292795975583
902.7616160416733
902.7616160416733
902.9936593102037
903.2254095236964
903.2254095236964
903.4568667970176
903.6880312573805
903.6880312573805
903.9189030110293
904.1494821907231
904.1494821907231
904.3797689142409
904.609763303454
904.609763303454
904.8394654796604
905.0688755638256
905.0688755638256
905.297993657827
905.5268198951297
905.5268198951297
905.7553543873919
905.9835972589774
905.9835972589774
906.2115486297059
906.4392085998419
906.4392085998419
906.6665773013727
906.893654843709
906.893654843709
907.1204413491654
907.3469369364254
907.3469369364254
907.573141707298
907.7990557882135
907.7990557882135
908.0246792960338
908.2500123478098
908.2500123478098
908.4750550434934
908.6998075103415
908.6998075103415
908.924269856657
909.1484421984308
909.1484421984308
909.3723246512725
909.5959173285208
909.5959173285208
909.8192203464077
910.0422338094759
910.0422338094759
910.2649578356982
910.4873925405989
910.4873925405989
910.7095380267795
910.9313944116038
910.9313944116038
911.1529618107961
911.3742403314418
911.3742403314418
911.5952300782203
911.8159311776212
911.8159311776212
912.0363437373944
912.2564678517136
912.2564678517136
912.4763036449111
912.6958512196486
912.6958512196486
912.9151106921513
913.1340821795252
913.1340821795252
913.3527657853607
913.571161634241
913.571161634241
913.7892698421692
914.0070905280718
914.0070905280718
914.2246238009313
914.441869772486
914.441869772486
914.6588285521572
914.8755002472946
914.8755002472946
915.0918849678071
915.3079828218747
915.3079828218747
915.5237939070983
915.7393183359791
915.7393183359791
915.9545562166178
916.1695076529683
916.1695076529683
916.3841727539559
916.5985516266975
916.5985516266975
916.8126443788717
917.0264511028696
917.0264511028696
917.2399719147747
917.4532069222172
917.4532069222172
917.6661562317554
917.8788199318597
917.8788199318597
918.0911981412436
918.3032909550841
918.3032909550841
918.5150984830474
918.7266208320649
918.7266208320649
918.9378581042931
919.1488104034494
919.1488104034494
919.3594778368368
919.569860495204
919.569860495204
919.7799584917108
919.9897719310993
919.9897719310993
920.1993009179496
920.4085455408127
920.4085455408127
920.6175059149758
920.8261821383248
920.8261821383248
921.0345743106687
921.2426825380006
921.2426825380006
921.4505069244094
921.6580475688066
921.6580475688066
921.8653045727249
922.0722780416355
922.0722780416355
922.278968068381
922.4853747590063
922.4853747590063
922.6914982180857
922.8973385419298
922.8973385419298
923.102895828568
923.3081701824578
923.3081701824578
923.5131617047231
923.7178704958071
923.7178704958071
923.9222966582835
924.126440283517
924.126440283517
924.330301476243
924.5338803398705
924.5338803398705
924.7371769705345
924.9401914665173
924.9401914665173
925.1429239329148
925.3453744560865
925.3453744560865
925.5475431448872
925.7494301004937
925.7494301004937
925.9510354230588
926.1523591956463
926.1523591956463
926.353401530013
926.5541625154265
926.5541625154265
926.754642255325
926.9548408496423
926.9548408496423
927.1547583973796
927.354394998046
927.354394998046
927.5537507368737
927.7528257217871
927.7528257217871
927.9516200474283
928.1501338110409
928.1501338110409
928.3483671137178
928.5463200451778
928.5463200451778
928.7439927068873
928.941385198415
928.941385198415
929.1384976087362
929.3353300389423
929.3353300389423
929.5318825885038
929.7281553475691
929.7281553475691
929.9241484171196
930.1198618952524
930.1198618952524
930.3152958661133
930.5104504346843
930.5104504346843
930.7053256981897
930.8999217537327
930.8999217537327
931.0942386835496
931.2882765947626
931.2882765947626
931.4820355783203
931.6755157272069
931.6755157272069
931.8687171400268
932.0616399145053
932.0616399145053
932.2542841420143
932.4466499134584
932.4466499134584
932.6387373310466
932.8305464819014
932.8305464819014
933.0220774645979
933.2133303756153
933.2133303756153
933.404305299579
933.5950023359379
933.5950023359379
933.7854215790313
933.9755631222363
933.9755631222363
934.165427061153
934.3550134912529
934.3550134912529
934.5443225071841
934.7333541874538
934.7333541874538
934.9221086377263
935.1105859423734
935.1105859423734
935.2987861992308
935.4867095027284
935.4867095027284
935.6743559463652
935.861725624333
935.861725624333
936.0488186177314
936.2356350275708
936.2356350275708
936.422174947373
936.6084384707215
936.6084384707215
936.7944256772242
936.9801366698945
936.9801366698945
937.1655715374013
937.3507303697621
937.3507303697621
937.5356132641664
937.7202203010096
937.7202203010096
937.9045515788526
938.0886071891067
938.0886071891067
938.2723872250801
938.4558917701415
938.4558917701415
938.6391209194177
938.8220747666926
938.8220747666926
939.0047533979865
939.1871569052253
939.1871569052253
939.3692853737717
939.5511389009396
939.5511389009396
939.7327175776334
939.9140214877009
939.9140214877009
940.0950507278307
940.275805380857
940.275805380857
940.4562855405139
940.6364912985798
940.6364912985798
940.8164227357374
940.9960799463242
940.9960799463242
941.1754630203903
941.3545720468502
941.3545720468502
941.5334071172872
941.7119683153288
941.7119683153288
941.890255734394
942.0682694647573
942.0682694647573
942.2460095824475
942.4234761868436
942.4234761868436
942.6006693616965
942.7775891968483
942.7775891968483
942.9542357851437
943.1306092021902
943.1306092021902
943.3067095458887
943.4825368972363
943.4825368972363
943.658091347927
943.8333729850473
943.8333729850473
944.0083818987935
944.1831181727365
944.1831181727365
944.3575818900052
944.5317731465087
944.5317731465087
944.7056920281881
944.8793386110983
944.8793386110983
945.0527129900316
945.2258152527544
945.2258152527544
945.3986454870206
945.5712037673516
945.5712037673516
945.743490190394
945.915504838918
945.915504838918
946.0872477936986
946.2587191517753
946.2587191517753
946.4299189968123
946.6008474036507
946.6008474036507
946.7715044715331
946.9418902868745
946.9418902868745
947.1120049359494
947.2818485147858
947.2818485147858
947.4514211045765
947.6207227980029
947.6207227980029
947.789753684428
947.958513844196
947.958513844196
948.1270033665955
948.295222327018
948.295222327018
948.4631708183849
948.6308489174684
948.6308489174684
948.7982567118817
948.9653942879619
948.9653942879619
949.1322617239574
949.2988591074961
949.2988591074961
949.4651865236723
949.6312440454285
949.6312440454285
949.7970317638858
949.9625497634328
949.9625497634328
950.1277981281955
950.2927769291339
950.2927769291339
950.4574862591936
950.6219261963865
950.6219261963865
950.7860968276366
950.9499982366398
950.9499982366398
951.1136304930977
951.2769936896548
951.2769936896548
951.4400879019238
951.6029132154572
951.6029132154572
951.76546971425
951.9277574737013
951.9277574737013
952.089776578951
952.2515271134343
952.2515271134343
952.4130091513015
952.5742227774273
952.5742227774273
952.7351680755618
952.8958451232652
952.8958451232652
953.0562539963009
953.216394785582
953.216394785582
953.3762675696318
953.5358724180022
953.5358724180022
953.6952094201702
953.8542786501641
953.8542786501641
954.0130801946395
954.1716141288962
954.1716141288962
954.3298805310878
954.4878794839157
954.4878794839157
954.6456110682909
954.8030753567937
954.8030753567937
954.9602724322082
955.1172023761161
955.1172023761161
955.2738652633113
955.4302611737654
955.4302611737654
955.5863901817933
955.7422523712452
955.7422523712452
955.8978478188741
956.0531766043905
956.0531766043905
956.2082388074623
956.3630345070158
956.3630345070158
956.5175637684343
956.6718266798027
956.6718266798027
956.8258233112532
956.9795537443333
956.9795537443333
957.1330180573169
957.2862163274974
957.2862163274974
957.4391486335072
957.5918150447237
957.5918150447237
957.7442156420352
957.8963505028848
957.8963505028848
958.0482197037014
958.1998233226665
958.1998233226665
958.3511614297747
958.5022341045809
958.5022341045809
958.6530414253532
958.8035834631526
958.8035834631526
958.9538602974266
959.1038720051201
959.1038720051201
959.253618651626
959.4031003208751
959.4031003208751
959.5523170812928
959.7012690134383
959.7012690134383
959.8499561897254
959.9983786835667
959.9983786835667
960.1465365719728
960.2944299289072
960.2944299289072
960.442058828596
960.5894233508935
960.5894233508935
960.7365235678047
960.8833595430439
960.8833595430439
961.0299313591531
961.1762390873109
961.1762390873109
961.3222827988701
961.4680625715899
961.4680625715899
961.6135784797028
961.7588305861099
961.7588305861099
961.9038189728171
962.0485437092204
962.0485437092204
962.1930048677034
962.3372025246509
962.3372025246509
962.4811367533396
962.6248076162854
962.6248076162854
962.7682151945319
962.9113595574776
962.9113595574776
963.0542407727338
963.1968589207573
963.1968589207573
963.3392140720773
963.4813062900986
963.4813062900986
963.623135651865
963.7647022287754
963.7647022287754
963.9060060941285
964.0470473145788
964.0470473145788
964.1878259647107
964.3283421168618
964.3283421168618
964.4685958327954
964.6085871906014
964.6085871906014
964.7483162594776
964.8877831097698
964.8877831097698
965.0269878143223
965.1659304353932
965.1659304353932
965.3046110484253
965.4430297233706
965.4430297233706
965.5811865321976
965.7190815407575
965.7190815407575
965.8567148196618
965.9940864425379
965.9940864425379
966.1311964700535
966.2680449770735
966.2680449770735
966.4046320331438
966.5409577088377
966.5409577088377
966.6770220662621
966.8128251782412
966.8128251782412
966.9483671139917
967.083647941914
967.083647941914
967.2186677327605
967.3534265506167
967.3534265506167
967.4879244686383
967.6221615490163
967.6221615490163
967.7561378629465
967.8898534806945
967.8898534806945
968.0233084665887
968.1565028897099
968.1565028897099
968.2894368214195
968.4221103197945
968.4221103197945
968.5545234601457
968.6866763076953
968.6866763076953
968.818568926853
968.9502013902227
968.9502013902227
969.0815737593163
969.2126861040733
969.2126861040733
969.3435384932538
969.4741309884149
969.4741309884149
969.6044636593061
969.7345365744433
969.7345365744433
969.8643497954185
969.9939033916821
969.9939033916821
970.1231974312172
970.2522319741234
970.2522319741234
970.3810070898367
970.5095228458874
970.5095228458874
970.6377793095114
970.7657765473806
970.7657765473806
970.8935146148441
971.0209935862534
971.0209935862534
971.148213521148
971.2751744882773
971.2751744882773
971.4018765544556
971.528319786174
971.528319786174
971.6545042494375
971.7804299991788
971.7804299991788
971.9060971088987
972.0315056378784
972.0315056378784
972.1566556539954
972.281547224246
972.281547224246
972.4061804108744
972.5305552762187
972.5305552762187
972.654671889399
972.7785303086877
972.7785303086877
972.9021306012851
973.0254728334878
973.0254728334878
973.1485570642494
973.271383363267
973.271383363267
973.3939517916283
973.516262410043
973.516262410043
973.6383152849589
973.7601104815728
973.7601104815728
973.8816480597054
974.0029280830936
974.0029280830936
974.1239506217767
974.2447157372444
974.2447157372444
974.3652234825861
974.4854739293162
974.4854739293162
974.6054671344662
974.72520316428
974.72520316428
974.8446820825036
974.9639039521576
974.9639039521576
975.0828688370989
975.2015767930818
975.2015767930818
975.3200278863565
975.4382221775043
975.4382221775043
975.556159735376
975.6738406202464
975.6738406202464
975.7912648872368
975.9084326028542
975.9084326028542
976.0253438289526
976.1419986295043
976.1419986295043
976.2583970641733
976.374539191643
976.374539191643
976.4904250763493
976.6060547799118
976.6060547799118
976.7214283635608
976.8365458900184
976.8365458900184
976.9514074219671
977.0660130214442
977.0660130214442
977.180362739706
977.2944566461704
977.2944566461704
977.4082947956574
977.5218772520161
977.5218772520161
977.6352040751087
977.7482753277552
977.7482753277552
977.8610910702694
977.973651363197
977.973651363197
978.0859562670096
978.1980058420888
978.1980058420888
978.3098001487429
978.4213392472045
978.4213392472045
978.5326231976255
978.6436520600878
978.6436520600878
978.7544258978967
978.8649447703062
978.8649447703062
978.975208730958
979.0852178429839
979.0852178429839
979.1949721665119
979.304471760986
979.304471760986
979.4137166879027
979.5227070026724
979.5227070026724
979.6314427692646
979.7399240425598
979.7399240425598
979.8481508845532
979.9561233563161
979.9561233563161
980.0638415118501
980.1713054152335
980.1713054152335
980.2785151255496
980.3854707113635
980.3854707113635
980.4921722303632
980.5986197337124
980.5986197337124
980.7048132892705
980.8107529517379
980.8107529517379
980.9164387824733
981.0218708415755
981.0218708415755
981.12704918292
981.2319738674544
981.2319738674544
981.3366449549928
981.4410624989991
981.4410624989991
981.545226560198
981.6491371983277
981.6491371983277
981.7527944674712
981.856198428254
981.856198428254
981.959349139634
982.0622466523855
982.0622466523855
982.1648910290821
982.2672823276107
982.2672823276107
982.3694206065634
982.4713059171684
982.4713059171684
982.572938320015
982.6743178708448
982.6743178708448
982.775444634151
982.8763186644999
982.8763186644999
982.9769400104904
983.0773087362029
983.0773087362029
983.1774248948523
983.2772885459926
983.2772885459926
983.3768997474833
983.476258549015
983.476258549015
983.5753650123302
983.6742191945673
983.6742191945673
983.7728211530423
983.8711709367965
983.8711709367965
983.9692686081075
984.067114220541
984.067114220541
984.1647078307308
984.2620494948756
984.2620494948756
984.3591392671665
984.4559772091397
984.4559772091397
984.5525633749508
984.6488978143361
984.6488978143361
984.7449805859287
984.8408117439797
984.8408117439797
984.9363913488967
985.0317194523523
985.0317194523523
985.1267961119916
985.2216213806121
985.2216213806121
985.3161953116028
985.4105179627534
985.4105179627534
985.5045893889223
985.598409646303
985.598409646303
985.6919787849902
985.785296862327
985.785296862327
985.8783639349022
985.9711800551177
985.9711800551177
986.0637452742376
986.1560596543195
986.1560596543195
986.2481232481703
986.3399361018858
986.3399361018858
986.431498276562
986.5228098223602
986.5228098223602
986.6138707957757
986.7046812520923
986.7046812520923
986.7952412401669
986.885550816464
986.885550816464
986.9756100358502
987.0654189529037
987.0654189529037
987.1549776218233
987.244286087765
987.244286087765
987.333344411019
987.4221526403733
987.4221526403733
987.5107108314651
987.5990190391249
987.5990190391249
987.6870773137307
987.7748857075114
987.7748857075114
987.8624442755993
987.9497530714659
987.9497530714659
988.0368121420054
988.1236215428594
988.1236215428594
988.2101813249553
988.2964915463585
988.2964915463585
988.382552257496
988.4683635041886
988.4683635041886
988.5539253429642
988.6392378261071
988.6392378261071
988.7243010064767
988.8091149301886
988.8091149301886
988.8936796520518
988.9779952221156
988.9779952221156
989.0620616971057
989.145879126879
989.145879126879
989.2294475571798
989.3127670420354
989.3127670420354
989.3958376312551
989.4786593829128
989.4786593829128
989.561232345415
989.6435565613895
989.6435565613895
989.725632088303
989.8074589718906
989.8074589718906
989.8890372653643
989.9703670197155
989.9703670197155
990.051448285263
990.1322811133164
990.1322811133164
990.212865549443
990.2932016460566
990.2932016460566
990.3732894544974
990.4531290214595
990.4531290214595
990.5327203983893
990.6120636339658
990.6120636339658
990.6911587762725
990.7700058790108
990.7700058790108
990.848604990498
990.9269561560247
990.9269561560247
991.005059426818
991.0829148530906
991.0829148530906
991.160522479583
991.2378823572233
991.2378823572233
991.3149945361338
991.3918590620669
991.3918590620669
991.4684759860124
991.544845357002
991.544845357002
991.6209672157509
991.6968416165207
991.6968416165207
991.7724686032809
991.8478482260293
991.8478482260293
991.9229805339548
991.9978655719524
991.9978655719524
992.0725033900505
992.1468940363482
992.1468940363482
992.2210375507757
992.2949339865552
992.2949339865552
992.3685833867917
992.4419858005115
992.4419858005115
992.515141275948
992.588049857136
992.588049857136
992.6607115912732
992.7331265273287
992.7331265273287
992.8052947053977
992.8772161759307
992.8772161759307
992.948890985841
993.020319181624
993.020319181624
993.0915008020145
993.1624358985994
993.1624358985994
993.2331245132018
993.3035666933247
993.3035666933247
993.3737624856699
993.4437119327426
993.4437119327426
993.5134150819392
993.5828719789417
993.5828719789417
993.6520826620308
993.7210471814578
993.7210471814578
993.7897655790671
993.858237901522
993.858237901522
993.9264641939169
993.9944444944181
993.9944444944181
994.0621788523742
994.1296673101283
994.1296673101283
994.1969099095029
994.2639066978998
994.2639066978998
994.3306577159833
994.3971630093683
994.3971630093683
994.4634226220646
994.5294365909135
994.5294365909135
994.5952049643472
994.6607277825638
994.6607277825638
994.7260050904424
994.7910369314463
994.7910369314463
994.85582334266
994.9203643708258
994.9203643708258
994.9846600581789
995.0487104457193
995.0487104457193
995.1125155764371
995.1760754936413
995.1760754936413
995.2393902323911
995.3024598399236
995.3024598399236
995.3652843536986
995.427863817361
995.427863817361
995.4901982725444
995.5522877602748
995.5522877602748
995.6141323226161
995.6757319975734
995.6757319975734
995.7370868277831
995.7981968547513
995.7981968547513
995.8590621145718
995.9196826499658
995.9196826499658
995.9800585000401
996.0401897095257
996.0401897095257
996.1000763168524
996.1597183566507
996.1597183566507
996.2191158729077
996.2782689032392
996.2782689032392
996.337177487504
996.3958416640619
996.3958416640619
996.4542614761322
996.512436961649
996.512436961649
996.5703681553996
996.6280550983342
996.6280550983342
996.6854978282677
996.7426963873036
996.7426963873036
996.7996508113024
996.8563611401632
996.8563611401632
996.9128274099446
996.9690496608087
996.9690496608087
997.02502793139
997.0807622538903
997.0807622538903
997.1362526708954
997.1914992173367
997.1914992173367
997.2465019324659
997.3012608545989
997.3012608545989
997.3557760174399
997.4100474601253
997.4100474601253
997.4640752202263
997.517859334805
997.517859334805
997.5713998414055
997.6246967728639
997.6246967728639
997.67775016771
997.7305600616205
997.7305600616205
997.783126493398
997.8354495000881
997.8354495000881
997.88752911743
997.9393653762536
997.9393653762536
997.9909583169597
998.0423079732877
998.0423079732877
998.0934143828135
998.144277581755
998.144277581755
998.1948976005083
998.2452744788618
998.2452744788618
998.2954082501105
998.3452989513137
998.3452989513137
998.3949466181393
998.4443512803605
998.4443512803605
998.4935129772796
998.5424317412655
998.5424317412655
998.5911076086138
998.6395406146748
998.6395406146748
998.6877307902503
998.7356781716105
998.7356781716105
998.7833827922038
998.8308446901274
998.8308446901274
998.8780638972985
998.9250404487952
998.9250404487952
998.971774373324
999.0182657090977
999.0182657090977
999.064514487113
999.1105207425574
999.1105207425574
999.1562845100184
999.2018058209255
999.2018058209255
999.2470847103589
999.2921212122023
999.2921212122023
999.336915355045
999.3814671760522
999.3814671760522
999.4257767067945
999.469843979238
999.469843979238
999.5136690272357
999.5572518827385
999.5572518827385
999.6005925808242
999.6436911541441
999.6436911541441
999.6865476331234
999.7291620505462
999.7291620505462
999.7715344408259
999.8136648325417
999.8136648325417
999.8555532597338
999.897199753706
999.897199753706
999.9386043502125
999.9797670801747
999.9797670801747
1000.0206879716002
1000.0613670594644
1000.0613670594644
1000.1018043761501
1000.141999953953
1000.141999953953
1000.1819538201564
1000.2216660103852
1000.2216660103852
1000.2611365546854
1000.3003654852985
1000.3003654852985
1000.3393528354231
1000.3780986319782
1000.3780986319782
1000.4166029100957
1000.4548656997788
1000.4548656997788
1000.492887031425
1000.5306669372915
1000.5306669372915
1000.5682054477768
1000.6055025960468
1000.6055025960468
1000.6425584133731
1000.6793729308695
1000.6793729308695
1000.7159461764606
1000.7522781825953
1000.7522781825953
1000.7883689798425
1000.8242186001892
1000.8242186001892
1000.8598270743717
1000.895194433258
1000.895194433258
1000.930320707683
1000.965205928452
1000.965205928452
1000.9998501263419
1001.0342533321027
1001.0342533321027
1001.0684155764611
1001.1023368901194
1001.1023368901194
1001.1360173037583
1001.1694568480386
1001.1694568480386
1001.2026555536029
1001.235613451076
1001.235613451076
1001.2683305710682
1001.3008069441755
1001.3008069441755
1001.3330426009811
1001.3650375720588
1001.3650375720588
1001.3967918879732
1001.4283055792816
1001.4283055792816
1001.4595786765358
1001.4906112102831
1001.4906112102831
1001.5214032110689
1001.5519547094377
1001.5519547094377
1001.5822657359354
1001.6123363211107
1001.6123363211107
1001.642166495516
1001.6717562897106
1001.6717562897106
1001.7011057342613
1001.730214859745
1001.730214859745
1001.759083696749
1001.7877122758734
1001.7877122758734
1001.8161006277351
1001.8442487829661
1001.8442487829661
1001.8721567722164
1001.8998246261556
1001.8998246261556
1001.9272523754776
1001.9544400508971
1001.9544400508971
1001.9813876831568
1002.0080953030249
1002.0080953030249
1002.0345629419478
1002.0607906299094
1002.0607906299094
1002.0867783973085
1002.1125262769901
1002.1125262769901
1002.1380342988621
1002.1633024937971
1002.1633024937971
1002.188330893727
1002.2131195278344
1002.2131195278344
1002.2376684288324
1002.2619776284891
1002.2619776284891
1002.2860471538106
1002.3098770398378
1002.3098770398378
1002.3334673168206
1002.356818015217
1002.356818015217
1002.379929168658
1002.4028008054408
1002.4028008054408
1002.4254329587432
1002.4478256605721
1002.4478256605721
1002.4699789426563
1002.4918928374509
1002.4918928374509
1002.5135673738321
1002.5350025852772
1002.5350025852772
1002.5561985044674
1002.5771551640737
1002.5771551640737
1002.5978725966258
1002.6183508292654
1002.6183508292654
1002.6385898984929
1002.6585898337817
1002.6585898337817
1002.6783506691322
1002.697872438036
1002.697872438036
1002.7171551707631
1002.7361989027463
1002.7361989027463
1002.7550036666248
1002.773569491317
1002.773569491317
1002.7918964126045
1002.809984463757
1002.809984463757
1002.8278336785877
1002.8454440867695
1002.8454440867695
1002.8628157235871
1002.8799486215933
1002.8799486215933
1002.8968428184053
1002.913498346378
1002.913498346378
1002.9299152346896
1002.9460935213115
1002.9460935213115
1002.9620332390582
1002.9777344202125
1002.9777344202125
1002.9931971021122
1003.0084213175744
1003.0084213175744
1003.0234071010152
1003.0381544885317
1003.0381544885317
1003.0526635129229
1003.0669342095157
1003.0669342095157
1003.0809666154316
1003.0947607615096
1003.0947607615096
1003.108316685624
1003.121634423233
1003.121634423233
1003.134714010888
1003.1475554818383
1003.1475554818383
1003.1601588736387
1003.172524223155
1003.172524223155
1003.1846515627053
1003.1965409306536
1003.1965409306536
1003.2081923625581
1003.2196059000398
1003.2196059000398
1003.2307815782237
1003.2417194283285
1003.2417194283285
1003.2524194923096
1003.2628818043188
1003.2628818043188
1003.2731064035931
1003.283093329092
1003.283093329092
1003.2928426170313
1003.3023543037882
1003.3023543037882
1003.3116284321286
1003.3206650397083
1003.3206650397083
1003.3294641590614
1003.3380258339726
1003.3380258339726
1003.3463500999826
1003.3544369980607
1003.3544369980607
1003.3622865689247
1003.369898848204
1003.369898848204
1003.3772738787386
1003.3844116995997
1003.3844116995997
1003.3913123517414
1003.3979758748317
1003.3979758748317
1003.4044023093104
1003.4105916972824
1003.4105916972824
1003.4165440743129
1003.4222594860769
1003.4222594860769
1003.4277379709922
1003.4329795739957
1003.4329795739957
1003.4379843367908
1003.4427522966685
1003.4427522966685
1003.4472834988617
1003.4515779857418
1003.4515779857418
1003.4556358014192
1003.4594569872982
1003.4594569872982
1003.4630415859601
1003.4663896432864
1003.4663896432864
1003.469501197266
1003.4723762959416
1003.4723762959416
1003.4750149843071
1003.4774173073379
1003.4774173073379
1003.47958330285
1003.4815130214386
1003.4815130214386
1003.4832065046958
1003.4846638000367
1003.4846638000367
1003.4858849544053
1003.4868700103673
1003.4868700103673
1003.4876190161583
1003.488132019306
1003.488132019306
1003.4884090618689
